3
--------- Coordinates ---------
1;8;-4.16333634E-17;1.52655666E-16;2.25528440E-01
2;1;9.71445147E-17;1.44274519E+00;-9.02113761E-01
3;1;2.22044605E-16;-1.44274519E+00;-9.02113761E-01
--------- Constants ---------
1;1;1;2;2;2;3;3;3
8;8;8;1;1;1;1;1;1
O;O;O;H;H;H;H;H;H
x1;y1;z1;x2;y2;z2;x3;y3;z3
7.44921154E-03;-3.07913417E-17;-3.20923843E-17;-3.72460597E-03;3.90312782E-18;9.54097912E-18;-3.72460597E-03;4.39101880E-17;5.61616725E-17
-3.07913417E-17;6.51023102E-01;2.49800181E-16;-1.73472348E-17;-3.25511551E-01;2.51869904E-01;5.55111512E-17;-3.25511551E-01;-2.51869904E-01
-3.20923843E-17;2.49800181E-16;4.51404071E-01;2.08166817E-17;1.90397024E-01;-2.25702035E-01;2.77555756E-17;-1.90397024E-01;-2.25702035E-01
-3.72460597E-03;-1.73472348E-17;2.08166817E-17;5.51651556E-03;9.97465999E-18;-1.77809156E-17;-1.79190916E-03;6.88468380E-18;-4.44522891E-18
3.90312782E-18;-3.25511551E-01;1.90397024E-01;9.97465999E-18;3.55245518E-01;-2.20757202E-01;-1.73472348E-18;-2.97339679E-02;3.07393927E-02
9.54097912E-18;2.51869904E-01;-2.25702035E-01;-1.77809156E-17;-2.20757202E-01;2.14777116E-01;0.00000000E+00;-3.07393927E-02;1.09249198E-02
-3.72460597E-03;5.55111512E-17;2.77555756E-17;-1.79190916E-03;-1.73472348E-18;0.00000000E+00;5.51651556E-03;-5.18248638E-17;-4.11996826E-17
4.39101880E-17;-3.25511551E-01;-1.90397024E-01;6.88468380E-18;-2.97339679E-02;-3.07393927E-02;-5.18248638E-17;3.55245518E-01;2.20757202E-01
5.61616725E-17;-2.51869904E-01;-2.25702035E-01;-4.44522891E-18;3.07393927E-02;1.09249198E-02;-4.11996826E-17;2.20757202E-01;2.14777116E-01
