4
--------- Coordinates ---------
1;8;-1.36969307E+00;-2.24938068E-01;-9.94598258E-02
2;1;-1.89980719E+00;1.29743442E+00;7.95616478E-01
3;8;1.36971436E+00;2.24949076E-01;-9.94401167E-02
4;1;1.89963683E+00;-1.29752249E+00;7.95583062E-01
--------- Constants ---------
1;1;1;2;2;2;3;3;3;4;4;4
8;8;8;1;1;1;8;8;8;1;1;1
O;O;O;H;H;H;O;O;O;H;H;H
x1;y1;z1;x2;y2;z2;x3;y3;z3;x4;y4;z4
2.94746463E-01;-9.07608194E-02;-4.87810190E-02;-6.36561902E-02;1.16063148E-01;6.58702040E-02;-1.99490272E-01;-5.01904010E-03;-2.17290306E-02;-3.15965016E-02;-2.03432004E-02;4.57595187E-03
-9.07608194E-02;3.96047390E-01;2.03616528E-01;6.29779576E-02;-3.48137615E-01;-1.97205558E-01;-5.02088768E-03;-5.70078003E-02;-2.65748822E-03;3.27534090E-02;9.10244370E-03;-3.54295387E-03
-4.87810190E-02;2.03616528E-01;1.38239699E-01;4.15496597E-02;-1.98710795E-01;-1.22980489E-01;2.16766647E-02;2.65509498E-03;-1.61768002E-02;-1.44889317E-02;-7.33431033E-03;9.20338725E-04
-6.36561902E-02;6.29779576E-02;4.15496597E-02;1.02905173E-01;-9.57926284E-02;-5.86689700E-02;-3.15840671E-02;3.27518499E-02;1.44934394E-02;-7.66141829E-03;4.59984796E-05;2.63541281E-03
1.16063148E-01;-3.48137615E-01;-1.98710795E-01;-9.57926284E-02;3.39896282E-01;1.92719809E-01;-2.03428438E-02;9.10428300E-03;7.34854878E-03;4.59380716E-05;-8.58533493E-04;-1.13578164E-03
6.58702040E-02;-1.97205558E-01;-1.22980489E-01;-5.86689700E-02;1.92719809E-01;1.20949856E-01;-4.57279163E-03;3.55610952E-03;9.18731904E-04;-2.62768775E-03;1.14356599E-03;1.11464864E-03
-1.99490272E-01;-5.02088768E-03;2.16766647E-02;-3.15840671E-02;-2.03428438E-02;-4.57279163E-03;2.94703724E-01;-9.07335546E-02;4.87033217E-02;-6.36258853E-02;1.16037303E-01;-6.58491355E-02
-5.01904010E-03;-5.70078003E-02;2.65509498E-03;3.27518499E-02;9.10428300E-03;3.55610952E-03;-9.07335546E-02;3.96078776E-01;-2.03390684E-01;6.29503230E-02;-3.48170841E-01;1.97409830E-01
-2.17290306E-02;-2.65748822E-03;-1.61768002E-02;1.44934394E-02;7.34854878E-03;9.18731904E-04;4.87033217E-02;-2.03390684E-01;1.38229255E-01;-4.15335339E-02;1.98916040E-01;-1.22968439E-01
-3.15965016E-02;3.27534090E-02;-1.44889317E-02;-7.66141829E-03;4.59380716E-05;-2.62768775E-03;-6.36258853E-02;6.29503230E-02;-4.15335339E-02;1.02887304E-01;-9.57665799E-02;5.86472735E-02
-2.03432004E-02;9.10244370E-03;-7.33431033E-03;4.59984796E-05;-8.58533493E-04;1.14356599E-03;1.16037303E-01;-3.48170841E-01;1.98916040E-01;-9.57665799E-02;3.39931348E-01;-1.92508194E-01
4.57595187E-03;-3.54295387E-03;9.20338725E-04;2.63541281E-03;-1.13578164E-03;1.11464864E-03;-6.58491355E-02;1.97409830E-01;-1.22968439E-01;5.86472735E-02;-1.92508194E-01;1.20936199E-01
