7
--------- Coordinates ---------
1;7;3.14166971E-01;5.24718318E-06;-2.72987994E-02
2;6;-2.49656802E+00;-2.04801861E-04;-2.24985715E-03
3;1;-3.13046991E+00;1.70981527E+00;-9.48959127E-01
4;1;-3.13023864E+00;-1.71152038E+00;-9.46756193E-01
5;1;-3.08475560E+00;1.09774651E-03;1.97249657E+00
6;8;1.38306972E+00;-2.08761380E+00;7.98896554E-03
7;8;1.38264322E+00;2.08783873E+00;7.98722048E-03
--------- Constants ---------
1;1;1;2;2;2;3;3;3;4;4;4;5;5;5;6;6;6;7;7;7
7;7;7;6;6;6;1;1;1;1;1;1;1;1;1;8;8;8;8;8;8
N;N;N;C;C;C;H;H;H;H;H;H;H;H;H;O;O;O;O;O;O
x1;y1;z1;x2;y2;z2;x3;y3;z3;x4;y4;z4;x5;y5;z5;x6;y6;z6;x7;y7;z7
6.87870848E-01;2.53150378E-04;3.34154837E-04;-1.83266508E-01;-1.96035399E-05;5.35029233E-03;-1.24565056E-02;-2.79733847E-03;2.33393868E-03;-1.24442405E-02;2.83845179E-03;2.33035431E-03;-1.77671529E-02;2.08771214E-05;-2.12683995E-03;-2.30956459E-01;1.56216570E-01;-4.13135415E-03;-2.30890341E-01;-1.55887073E-01;-4.13041508E-03
2.53150378E-04;9.53998378E-01;-1.12048027E-04;-3.93364118E-05;-7.35733260E-02;3.65352808E-06;3.14386370E-02;-4.07111340E-03;1.76661871E-05;-3.14365176E-02;-4.07540245E-03;8.42329036E-06;3.16006899E-05;-2.10264086E-03;1.72631490E-05;1.87406337E-01;-4.35017915E-01;6.78640735E-03;-1.87077574E-01;-4.35097106E-01;-6.86934757E-03
3.34154837E-04;-1.12048027E-04;2.32666947E-01;3.52178068E-03;5.04123999E-06;-9.56833904E-02;-1.89307734E-02;-1.88047579E-03;3.52890142E-04;-1.88860492E-02;1.90857529E-03;3.38595898E-04;4.06096799E-02;2.55686478E-05;4.00295085E-03;-3.34976585E-03;2.27932343E-03;-7.07951243E-02;-3.34905528E-03;-2.36560925E-03;-7.08070454E-02
-1.83266508E-01;-3.93364118E-05;3.52178068E-03;4.44602245E-01;-3.09845127E-05;9.60101868E-03;-7.27464722E-02;7.51610740E-02;-4.34504840E-02;-7.27312310E-02;-7.51837143E-02;-4.33390624E-02;-6.72241262E-02;7.18692468E-05;7.65679982E-02;-2.42947524E-02;1.54005285E-02;-1.45395423E-03;-2.42827128E-02;-1.53832147E-02;-1.45378638E-03
-1.96035399E-05;-7.35733260E-02;5.04123999E-06;-3.09845127E-05;6.59410874E-01;2.36704527E-05;6.18743407E-02;-2.53422950E-01;1.11961137E-01;-6.18908014E-02;-2.53736749E-01;-1.11693320E-01;5.06662885E-05;-4.72286107E-02;-2.16827838E-04;4.67317013E-02;-1.56837045E-02;-1.17904974E-03;-4.67285069E-02;-1.57067722E-02;1.22112377E-03
5.35029233E-03;3.65352808E-06;-9.56833904E-02;9.60101868E-03;2.36704527E-05;5.94805111E-01;-3.76402396E-02;1.13473158E-01;-1.12840208E-01;-3.75390417E-02;-1.13214908E-01;-1.12556904E-01;7.00724078E-02;-2.20541376E-04;-3.13623327E-01;-4.96898888E-03;2.22912640E-03;1.99804011E-02;-4.96810886E-03;-2.23245560E-03;1.99746215E-02
-1.24565056E-02;3.14386370E-02;-1.89307734E-02;-7.27464722E-02;6.18743407E-02;-3.76402396E-02;8.27997400E-02;-7.83849722E-02;4.34373444E-02;5.03553426E-03;-8.19982409E-03;6.31710898E-03;4.52731112E-03;-8.84177265E-03;3.75154028E-03;-8.88917006E-03;1.90158619E-03;1.53364396E-03;1.75846228E-03;2.97791707E-04;1.61744684E-03
-2.79733847E-03;-4.07111340E-03;-1.88047579E-03;7.51610740E-02;-2.53422950E-01;1.13473158E-01;-7.83849722E-02;2.66383640E-01;-1.21903063E-01;8.23167445E-03;-1.56163162E-02;1.32241446E-02;-1.08450777E-03;2.49850304E-03;-2.58590533E-03;1.51241450E-03;2.13888230E-03;4.63543295E-04;-2.56150823E-03;2.12820498E-03;-6.22646742E-04
2.33393868E-03;1.76661871E-05;3.52890142E-04;-4.34504840E-02;1.11961137E-01;-1.12840208E-01;4.34373444E-02;-1.21903063E-01;1.13932840E-01;6.30822686E-03;-1.31704746E-02;9.06608001E-03;-1.05872543E-02;2.59405965E-02;-1.13804003E-02;1.86208861E-03;-1.59240507E-03;9.36851271E-04;1.60043711E-04;-1.07865758E-03;-9.96954335E-06
-1.24442405E-02;-3.14365176E-02;-1.88860492E-02;-7.27312310E-02;-6.18908014E-02;-3.75390417E-02;5.03553426E-03;8.23167445E-03;6.30822686E-03;8.27810250E-02;7.84343978E-02;4.33214877E-02;4.52580028E-03;8.89827591E-03;3.73886034E-03;1.75782708E-03;-2.72963077E-04;1.61272969E-03;-8.89583006E-03;-1.88344048E-03;1.52985433E-03
2.83845179E-03;-4.07540245E-03;1.90857529E-03;-7.51837143E-02;-2.53736749E-01;-1.13214908E-01;-8.19982409E-03;-1.56163162E-02;-1.31704746E-02;7.84343978E-02;2.66723902E-01;1.21814835E-01;1.09192497E-03;2.47113894E-03;2.58031357E-03;2.58776166E-03;2.13012450E-03;6.61793096E-04;-1.48760003E-03;2.14211329E-03;-4.24264426E-04
2.33035431E-03;8.42329036E-06;3.38595898E-04;-4.33390624E-02;-1.11693320E-01;-1.12556904E-01;6.31710898E-03;1.32241446E-02;9.06608001E-03;4.33214877E-02;1.21814835E-01;1.13623603E-01;-1.05857555E-02;-2.59068921E-02;-1.13469767E-02;1.59015661E-04;1.10039737E-03;-9.45882143E-06;1.86076736E-03;1.61314610E-03;9.43148344E-04
-1.77671529E-02;3.16006899E-05;4.06096799E-02;-6.72241262E-02;5.06662885E-05;7.00724078E-02;4.52731112E-03;-1.08450777E-03;-1.05872543E-02;4.52580028E-03;1.09192497E-03;-1.05857555E-02;7.74438812E-02;-2.97449157E-05;-8.19962767E-02;-7.28437172E-04;-8.42349490E-04;-3.72395390E-03;-7.19712718E-04;8.65988107E-04;-3.72465945E-03
2.08771214E-05;-2.10264086E-03;2.55686478E-05;7.18692468E-05;-4.72286107E-02;-2.20541376E-04;-8.84177265E-03;2.49850304E-03;2.59405965E-02;8.89827591E-03;2.47113894E-03;-2.59068921E-02;-2.97449157E-05;4.38913347E-02;1.67186257E-04;7.52245473E-04;2.86698767E-04;1.15435148E-03;-7.14650785E-04;2.87842141E-04;-1.08769244E-03
-2.12683995E-03;1.72631490E-05;4.00295085E-03;7.65679982E-02;-2.16827838E-04;-3.13623327E-01;3.75154028E-03;-2.58590533E-03;-1.13804003E-02;3.73886034E-03;2.58031357E-03;-1.13469767E-02;-8.19962767E-02;1.67186257E-04;3.32026432E-01;6.87987869E-05;2.48868097E-05;1.91830161E-04;6.84606933E-05;5.72156584E-06;1.94673315E-04
-2.30956459E-01;1.87406337E-01;-3.34976585E-03;-2.42947524E-02;4.67317013E-02;-4.96898888E-03;-8.88917006E-03;1.51241450E-03;1.86208861E-03;1.75782708E-03;2.58776166E-03;1.59015661E-04;-7.28437172E-04;7.52245473E-04;6.87987869E-05;2.24849897E-01;-2.05377038E-01;6.10779776E-03;3.83037435E-02;-3.32905531E-02;1.70858727E-04
1.56216570E-01;-4.35017915E-01;2.27932343E-03;1.54005285E-02;-1.56837045E-02;2.22912640E-03;1.90158619E-03;2.13888230E-03;-1.59240507E-03;-2.72963077E-04;2.13012450E-03;1.10039737E-03;-8.42349490E-04;2.86698767E-04;2.48868097E-05;-2.05377038E-01;5.14020788E-01;-5.99800353E-03;3.33055895E-02;-6.78138383E-02;1.91214859E-03
-4.13135415E-03;6.78640735E-03;-7.07951243E-02;-1.45395423E-03;-1.17904974E-03;1.99804011E-02;1.53364396E-03;4.63543295E-04;9.36851271E-04;1.61272969E-03;6.61793096E-04;-9.45882143E-06;-3.72395390E-03;1.15435148E-03;1.91830161E-04;6.10779776E-03;-5.99800353E-03;2.61813941E-02;1.71049899E-04;-1.87997271E-03;2.36058896E-02
-2.30890341E-01;-1.87077574E-01;-3.34905528E-03;-2.42827128E-02;-4.67285069E-02;-4.96810886E-03;1.75846228E-03;-2.56150823E-03;1.60043711E-04;-8.89583006E-03;-1.48760003E-03;1.86076736E-03;-7.19712718E-04;-7.14650785E-04;6.84606933E-05;3.83037435E-02;3.33055895E-02;1.71049899E-04;2.24769046E-01;2.05644531E-01;6.10667317E-03
-1.55887073E-01;-4.35097106E-01;-2.36560925E-03;-1.53832147E-02;-1.57067722E-02;-2.23245560E-03;2.97791707E-04;2.12820498E-03;-1.07865758E-03;-1.88344048E-03;2.14211329E-03;1.61314610E-03;8.65988107E-04;2.87842141E-04;5.72156584E-06;-3.32905531E-02;-6.78138383E-02;-1.87997271E-03;2.05644531E-01;5.14120582E-01;5.89767449E-03
-4.13041508E-03;-6.86934757E-03;-7.08070454E-02;-1.45378638E-03;1.22112377E-03;1.99746215E-02;1.61744684E-03;-6.22646742E-04;-9.96954335E-06;1.52985433E-03;-4.24264426E-04;9.43148344E-04;-3.72465945E-03;-1.08769244E-03;1.94673315E-04;1.70858727E-04;1.91214859E-03;2.36058896E-02;6.10667317E-03;5.89767449E-03;2.61904505E-02
