XN1;YN1;ZN1;XC2;YC2;ZC2;XH3;YH3;ZH3;XH4;YH4;ZH4;XH5;YH5;ZH5;XO6;YO6;ZO6;XO7;YO7;ZO7
6.33401E-01;-2.25557E-05;2.10366E-03;-1.18340E-01;-1.22015E-05;-2.82380E-03;-1.28414E-02;-3.74716E-04;2.76872E-03;-1.28297E-02;3.82522E-04;2.76743E-03;-1.82002E-02;3.24071E-06;1.64635E-03;-2.35624E-01;1.87353E-01;-3.23133E-03;-2.35566E-01;-1.87329E-01;-3.23103E-03
-2.25557E-05;9.14225E-01;0.00000E+00;-2.22819E-06;-7.15049E-02;0.00000E+00;3.01670E-02;-3.80401E-03;1.16646E-05;-3.01908E-02;-3.80679E-03;-9.71039E-06;2.30965E-05;-2.13582E-03;-2.06115E-06;1.84478E-01;-4.16462E-01;3.76119E-03;-1.84452E-01;-4.16512E-01;-3.76166E-03
2.10366E-03;0.00000E+00;2.16473E-01;9.24663E-04;0.00000E+00;-9.30102E-02;-1.82881E-02;-2.40008E-03;-7.53690E-04;-1.82427E-02;2.39603E-03;-7.64597E-04;3.99221E-02;3.79463E-06;3.30619E-03;-3.20997E-03;2.40360E-03;-6.26228E-02;-3.20970E-03;-2.40380E-03;-6.26281E-02
-1.18340E-01;-2.22819E-06;9.24663E-04;3.75717E-01;1.39845E-05;1.48900E-02;-6.78446E-02;7.20263E-02;-4.28309E-02;-6.78394E-02;-7.20788E-02;-4.27253E-02;-6.05192E-02;4.52689E-05;7.18735E-02;-3.05914E-02;2.49639E-02;-1.06591E-03;-3.05819E-02;-2.49684E-02;-1.06617E-03
-1.22015E-05;-7.15049E-02;0.00000E+00;1.39845E-05;6.29967E-01;-1.16208E-06;6.06399E-02;-2.44331E-01;1.07512E-01;-6.06752E-02;-2.44639E-01;-1.07330E-01;4.12069E-05;-4.11620E-02;-1.80841E-04;4.60789E-02;-1.41595E-02;-1.93867E-03;-4.60866E-02;-1.41699E-02;1.93851E-03
-2.82380E-03;0.00000E+00;-9.30102E-02;1.48900E-02;-1.16208E-06;5.57467E-01;-3.71318E-02;1.09239E-01;-1.04250E-01;-3.70346E-02;-1.09054E-01;-1.03970E-01;6.78470E-02;-1.84382E-04;-2.98918E-01;-2.87368E-03;-3.28425E-04;2.13468E-02;-2.87314E-03;3.28072E-04;2.13343E-02
-1.28414E-02;3.01670E-02;-1.82881E-02;-6.78446E-02;6.06399E-02;-3.71318E-02;7.88459E-02;-7.66111E-02;4.24082E-02;4.79338E-03;-7.54147E-03;6.36946E-03;4.23536E-03;-8.45174E-03;3.22335E-03;-8.76754E-03;2.06961E-03;1.68325E-03;1.57886E-03;-2.72192E-04;1.73562E-03
-3.74716E-04;-3.80401E-03;-2.40008E-03;7.20263E-02;-2.44331E-01;1.09239E-01;-7.66111E-02;2.57289E-01;-1.17548E-01;7.55122E-03;-1.54428E-02;1.19556E-02;-1.21449E-03;1.81693E-03;-1.40002E-03;1.10995E-03;2.40066E-03;7.91083E-04;-2.48714E-03;2.07146E-03;-6.37918E-04
2.76872E-03;1.16646E-05;-7.53690E-04;-4.28309E-02;1.07512E-01;-1.04250E-01;4.24082E-02;-1.17548E-01;1.06776E-01;6.36041E-03;-1.19217E-02;8.46282E-03;-1.00292E-02;2.47422E-02;-1.17122E-02;1.62504E-03;-1.12989E-03;1.12554E-03;-3.02289E-04;-1.66655E-03;3.51107E-04
-1.28297E-02;-3.01908E-02;-1.82427E-02;-6.78394E-02;-6.06752E-02;-3.70346E-02;4.79338E-03;7.55122E-03;6.36041E-03;7.88366E-02;7.66568E-02;4.22967E-02;4.23461E-03;8.45675E-03;3.21061E-03;1.57834E-03;2.74764E-04;1.73106E-03;-8.77384E-03;-2.07351E-03;1.67850E-03
3.82522E-04;-3.80679E-03;2.39603E-03;-7.20788E-02;-2.44639E-01;-1.09054E-01;-7.54147E-03;-1.54428E-02;-1.19217E-02;7.66568E-02;2.57623E-01;1.17351E-01;1.20162E-03;1.78743E-03;1.38259E-03;2.48731E-03;2.07615E-03;6.37626E-04;-1.10795E-03;2.40294E-03;-7.91736E-04
2.76743E-03;-9.71039E-06;-7.64597E-04;-4.27253E-02;-1.07330E-01;-1.03970E-01;6.36946E-03;1.19556E-02;8.46282E-03;4.22967E-02;1.17351E-01;1.06467E-01;-1.00290E-02;-2.47583E-02;-1.16770E-02;-3.02774E-04;1.66433E-03;3.49615E-04;1.62342E-03;1.12744E-03;1.13221E-03
-1.82002E-02;2.30965E-05;3.99221E-02;-6.05192E-02;4.12069E-05;6.78470E-02;4.23536E-03;-1.21449E-03;-1.00292E-02;4.23461E-03;1.20162E-03;-1.00290E-02;7.20422E-02;-5.37731E-05;-7.91062E-02;-9.01084E-04;-3.29296E-04;-4.30265E-03;-8.91741E-04;3.31636E-04;-4.30205E-03
3.24071E-06;-2.13582E-03;3.79463E-06;4.52689E-05;-4.11620E-02;-1.84382E-04;-8.45174E-03;1.81693E-03;2.47422E-02;8.45675E-03;1.78743E-03;-2.47583E-02;-5.37731E-05;4.00509E-02;1.95790E-04;1.41273E-03;-1.77995E-04;1.20619E-03;-1.41247E-03;-1.79433E-04;-1.20528E-03
1.64635E-03;-2.06115E-06;3.30619E-03;7.18735E-02;-1.80841E-04;-2.98918E-01;3.22335E-03;-1.40002E-03;-1.17122E-02;3.21061E-03;1.38259E-03;-1.16770E-02;-7.91062E-02;1.95790E-04;3.18926E-01;-4.24153E-04;7.38309E-04;3.54949E-05;-4.23460E-04;-7.33770E-04;3.89032E-05
-2.35624E-01;1.84478E-01;-3.20997E-03;-3.05914E-02;4.60789E-02;-2.87368E-03;-8.76754E-03;1.10995E-03;1.62504E-03;1.57834E-03;2.48731E-03;-3.02774E-04;-9.01084E-04;1.41273E-03;-4.24153E-04;2.23185E-01;-2.24963E-01;4.59184E-03;5.11209E-02;-1.06040E-02;5.93707E-04
1.87353E-01;-4.16462E-01;2.40360E-03;2.49639E-02;-1.41595E-02;-3.28425E-04;2.06961E-03;2.40066E-03;-1.12989E-03;2.74764E-04;2.07615E-03;1.66433E-03;-3.29296E-04;-1.77995E-04;7.38309E-04;-2.24963E-01;5.48299E-01;-3.90267E-03;1.06310E-02;-1.21976E-01;5.54747E-04
-3.23133E-03;3.76119E-03;-6.26228E-02;-1.06591E-03;-1.93867E-03;2.13468E-02;1.68325E-03;7.91083E-04;1.12554E-03;1.73106E-03;6.37626E-04;3.49615E-04;-4.30265E-03;1.20619E-03;3.54949E-05;4.59184E-03;-3.90267E-03;1.38542E-02;5.93749E-04;-5.54747E-04;2.59112E-02
-2.35566E-01;-1.84452E-01;-3.20970E-03;-3.05819E-02;-4.60866E-02;-2.87314E-03;1.57886E-03;-2.48714E-03;-3.02289E-04;-8.77384E-03;-1.10795E-03;1.62342E-03;-8.91741E-04;-1.41247E-03;-4.23460E-04;5.11209E-02;1.06310E-02;5.93749E-04;2.23114E-01;2.24916E-01;4.59142E-03
-1.87329E-01;-4.16512E-01;-2.40380E-03;-2.49684E-02;-1.41699E-02;3.28072E-04;-2.72192E-04;2.07146E-03;-1.66655E-03;-2.07351E-03;2.40294E-03;1.12744E-03;3.31636E-04;-1.79433E-04;-7.33770E-04;-1.06040E-02;-1.21976E-01;-5.54747E-04;2.24916E-01;5.48363E-01;3.90335E-03
-3.23103E-03;-3.76166E-03;-6.26281E-02;-1.06617E-03;1.93851E-03;2.13343E-02;1.73562E-03;-6.37918E-04;3.51107E-04;1.67850E-03;-7.91736E-04;1.13221E-03;-4.30205E-03;-1.20528E-03;3.89032E-05;5.93707E-04;5.54747E-04;2.59112E-02;4.59142E-03;3.90335E-03;1.38603E-02
