7
--------- Coordinates ---------
1;7;3.14166971E-01;5.24718318E-06;-2.72987994E-02
2;6;-2.49656802E+00;-2.04801861E-04;-2.24985715E-03
3;1;-3.13046991E+00;1.70981527E+00;-9.48959127E-01
4;1;-3.13023864E+00;-1.71152038E+00;-9.46756193E-01
5;1;-3.08475560E+00;1.09774651E-03;1.97249657E+00
6;8;1.38306972E+00;-2.08761380E+00;7.98896554E-03
7;8;1.38264322E+00;2.08783873E+00;7.98722048E-03
--------- Constants ---------
1;1;1;2;2;2;3;3;3;4;4;4;5;5;5;6;6;6;7;7;7
7;7;7;6;6;6;1;1;1;1;1;1;1;1;1;8;8;8;8;8;8
N;N;N;C;C;C;H;H;H;H;H;H;H;H;H;O;O;O;O;O;O
x1;y1;z1;x2;y2;z2;x3;y3;z3;x4;y4;z4;x5;y5;z5;x6;y6;z6;x7;y7;z7
7.16727905E-01;-3.78888348E-05;4.85529315E-04;-1.81749752E-01;-5.91287044E-06;5.64202209E-03;-1.27881478E-02;-2.68369953E-03;2.54556858E-03;-1.27744128E-02;2.68726165E-03;2.54146700E-03;-1.93893328E-02;-1.76940189E-06;-1.88281603E-03;-2.45054709E-01;1.89227636E-01;-4.66645147E-03;-2.44971551E-01;-1.89185627E-01;-4.66531949E-03
-3.78888348E-05;1.16742753E+00;1.58566344E-07;-1.12923800E-05;-7.52785098E-02;1.14589734E-06;3.12362935E-02;-2.99718228E-03;-7.44027929E-04;-3.12614711E-02;-2.99901223E-03;7.44552093E-04;2.16810564E-05;-3.33253919E-03;-5.79533640E-07;2.44503433E-01;-5.41359858E-01;9.23432775E-03;-2.44450755E-01;-5.41460424E-01;-9.23557685E-03
4.85529315E-04;1.58566344E-07;2.38210933E-01;3.57541228E-03;-5.39895522E-07;-1.02771790E-01;-1.91405736E-02;-2.07689678E-03;1.35872531E-04;-1.90953031E-02;2.07537789E-03;1.19924367E-04;4.25494599E-02;1.74172216E-06;5.06420881E-03;-4.18788404E-03;3.06788799E-03;-7.03724468E-02;-4.18664085E-03;-3.06772950E-03;-7.03867020E-02
-1.81749752E-01;-1.12923800E-05;3.57541228E-03;4.53270682E-01;2.81170649E-06;1.07813780E-02;-7.59661229E-02;7.64672415E-02;-4.43765095E-02;-7.59508279E-02;-7.65070874E-02;-4.42630072E-02;-7.01468690E-02;4.80791290E-05;7.72904191E-02;-2.47352507E-02;1.51983703E-02;-1.50402561E-03;-2.47218597E-02;-1.51981228E-02;-1.50366708E-03
-5.91287044E-06;-7.52785098E-02;-5.39895522E-07;2.81170649E-06;6.87743983E-01;2.20570516E-06;6.31647873E-02;-2.62166056E-01;1.14316197E-01;-6.31882584E-02;-2.62486410E-01;-1.14139026E-01;4.17692624E-05;-5.16342864E-02;-1.79081873E-04;4.90553278E-02;-1.80774808E-02;-1.14366674E-03;-4.90705249E-02;-1.81012403E-02;1.14391165E-03
5.64202209E-03;1.14589734E-06;-1.02771790E-01;1.07813780E-02;2.20570516E-06;6.22415220E-01;-3.86590399E-02;1.15679216E-01;-1.18891958E-01;-3.85554188E-02;-1.15499727E-01;-1.18602656E-01;7.12752209E-02;-1.81524815E-04;-3.23683941E-01;-5.24257592E-03;2.62633035E-03;2.07703913E-02;-5.24158645E-03;-2.62764644E-03;2.07647333E-02
-1.27881478E-02;3.12362935E-02;-1.91405736E-02;-7.59661229E-02;6.31647873E-02;-3.86590399E-02;8.60230774E-02;-7.99186785E-02;4.40132134E-02;5.21428209E-03;-8.53359985E-03;6.86674848E-03;4.86611741E-03;-9.42044036E-03;3.87653565E-03;-9.57954702E-03;2.75176261E-03;1.31664149E-03;2.23034080E-03;7.19875290E-04;1.72647436E-03
-2.68369953E-03;-2.99718228E-03;-2.07689678E-03;7.64672415E-02;-2.62166056E-01;1.15679216E-01;-7.99186785E-02;2.74250114E-01;-1.24391534E-01;8.54485113E-03;-1.56304655E-02;1.38326924E-02;-1.21095787E-03;2.96975176E-03;-2.86738153E-03;1.58171052E-03;1.62473703E-03;5.16260789E-04;-2.78046719E-03;1.94910047E-03;-6.92356952E-04
2.54556858E-03;-7.44027929E-04;1.35872531E-04;-4.43765095E-02;1.14316197E-01;-1.18891958E-01;4.40132134E-02;-1.24391534E-01;1.19054858E-01;6.85751294E-03;-1.37978594E-02;9.81016280E-03;-1.11509425E-02;2.72644350E-02;-1.12942586E-02;2.08950271E-03;-1.58515633E-03;1.11866767E-03;2.16542603E-05;-1.06205425E-03;6.66557366E-05
-1.27744128E-02;-3.12614711E-02;-1.90953031E-02;-7.59508279E-02;-6.31882584E-02;-3.85554188E-02;5.21428209E-03;8.54485113E-03;6.85751294E-03;8.60034476E-02;7.99525961E-02;4.38955908E-02;4.86433957E-03;9.42638812E-03;3.86272243E-03;2.22966905E-03;-7.17078105E-04;1.72155774E-03;-9.58649761E-03;-2.75702779E-03;1.31333800E-03
2.68726165E-03;-2.99901223E-03;2.07537789E-03;-7.65070874E-02;-2.62486410E-01;-1.15499727E-01;-8.53359985E-03;-1.56304655E-02;-1.37978594E-02;7.99525961E-02;2.74597170E-01;1.24199589E-01;1.19759011E-03;2.94105752E-03;2.84971582E-03;2.78270223E-03;1.95039341E-03;6.90536047E-04;-1.57946281E-03;1.62726658E-03;-5.17632294E-04
2.54146700E-03;7.44552093E-04;1.19924367E-04;-4.42630072E-02;-1.14139026E-01;-1.18602656E-01;6.86674848E-03;1.38326924E-02;9.81016280E-03;4.38955908E-02;1.24199589E-01;1.18739022E-01;-1.11492069E-02;-2.72816958E-02;-1.12590754E-02;2.04954911E-05;1.06035301E-03;6.72275436E-05;2.08791240E-03;1.58353530E-03;1.12539420E-03
-1.93893328E-02;2.16810564E-05;4.25494599E-02;-7.01468690E-02;4.17692624E-05;7.12752209E-02;4.86611741E-03;-1.21095787E-03;-1.11509425E-02;4.86433957E-03;1.19759011E-03;-1.11492069E-02;8.05659130E-02;-5.44829295E-05;-8.32110853E-02;-3.85126496E-04;-1.07512220E-03;-4.15619835E-03;-3.75041733E-04;1.07952257E-03;-4.15724779E-03
-1.76940189E-06;-3.33253919E-03;1.74172216E-06;4.80791290E-05;-5.16342864E-02;-1.81524815E-04;-9.42044036E-03;2.96975176E-03;2.72644350E-02;9.42638812E-03;2.94105752E-03;-2.72816958E-02;-5.44829295E-05;4.73898676E-02;1.94032477E-04;5.70621766E-04;8.32287221E-04;1.23950792E-03;-5.68396324E-04;8.33861480E-04;-1.23649656E-03
-1.88281603E-03;-5.79533640E-07;5.06420881E-03;7.72904191E-02;-1.79081873E-04;-3.23683941E-01;3.87653565E-03;-2.86738153E-03;-1.12942586E-02;3.86272243E-03;2.84971582E-03;-1.12590754E-02;-8.32110853E-02;1.94032477E-04;3.41027681E-01;3.23500619E-05;-4.62889469E-05;7.11228225E-05;3.18741281E-05;4.95835879E-05;7.42624541E-05
-2.45054709E-01;2.44503433E-01;-4.18788404E-03;-2.47352507E-02;4.90553278E-02;-5.24257592E-03;-9.57954702E-03;1.58171052E-03;2.08950271E-03;2.22966905E-03;2.78270223E-03;2.04954911E-05;-3.85126496E-04;5.70621766E-04;3.23500619E-05;2.47461936E-01;-2.51947795E-01;7.40868704E-03;3.00630284E-02;-4.65460004E-02;-1.20575351E-04
1.89227636E-01;-5.41359858E-01;3.06788799E-03;1.51983703E-02;-1.80774808E-02;2.62633035E-03;2.75176261E-03;1.62473703E-03;-1.58515633E-03;-7.17078105E-04;1.95039341E-03;1.06035301E-03;-1.07512220E-03;8.32287221E-04;-4.62889469E-05;-2.51947795E-01;6.02151954E-01;-7.83006064E-03;4.65622261E-02;-4.71220326E-02;2.70693456E-03
-4.66645147E-03;9.23432775E-03;-7.03724468E-02;-1.50402561E-03;-1.14366674E-03;2.07703913E-02;1.31664149E-03;5.16260789E-04;1.11866767E-03;1.72155774E-03;6.90536047E-04;6.72275436E-05;-4.15619835E-03;1.23950792E-03;7.11228225E-05;7.40868704E-03;-7.83006064E-03;2.44038765E-02;-1.20210847E-04;-2.70690513E-03;2.39411610E-02
-2.44971551E-01;-2.44450755E-01;-4.18664085E-03;-2.47218597E-02;-4.90705249E-02;-5.24158645E-03;2.23034080E-03;-2.78046719E-03;2.16542603E-05;-9.58649761E-03;-1.57946281E-03;2.08791240E-03;-3.75041733E-04;-5.68396324E-04;3.18741281E-05;3.00630284E-02;4.65622261E-02;-1.20210847E-04;2.47361581E-01;2.51887380E-01;7.40699736E-03
-1.89185627E-01;-5.41460424E-01;-3.06772950E-03;-1.51981228E-02;-1.81012403E-02;-2.62764644E-03;7.19875290E-04;1.94910047E-03;-1.06205425E-03;-2.75702779E-03;1.62726658E-03;1.58353530E-03;1.07952257E-03;8.33861480E-04;4.95835879E-05;-4.65460004E-02;-4.71220326E-02;-2.70690513E-03;2.51887380E-01;6.02273469E-01;7.83121644E-03
-4.66531949E-03;-9.23557685E-03;-7.03867020E-02;-1.50366708E-03;1.14391165E-03;2.07647333E-02;1.72647436E-03;-6.92356952E-04;6.66557366E-05;1.31333800E-03;-5.17632294E-04;1.12539420E-03;-4.15724779E-03;-1.23649656E-03;7.42624541E-05;-1.20575351E-04;2.70693456E-03;2.39411610E-02;7.40699736E-03;7.83121644E-03;2.44144954E-02
